4 5
0.000000 0.000000
1.000000 1.981565
2.144922 0.000000
3.144922 0.000000
4.144922 0.000000
5.000000 0.000000
6.000000 0.000000
7.000000 0.000000
8.000000 0.000000
9.000000 0.000000
11.594141 2.000000
13.821874 -0.055304
14.091014 -0.036870
16.091000 -0.036870
16.000000 0.000000
20.000000 0.000000
0.000000 0.000000
1.000000 0.000000
2.000000 0.000000
3.000000 0.000000
4.000000 0.000000
3.538281 1.373218
4.973047 0.000000
7.691406 -0.000000
10.557033 -0.018435
12.668752 0.000000
13.494924 0.018435
13.538283 -0.792696
14.455470 0.018435
16.124222 0.958609
15.751564 -0.866435
18.281643 0.018435
0.000000 0.000000
1.000000 0.000000
2.000000 0.000000
3.000000 0.000000
4.000000 0.000000
4.006250 -0.018435
5.006250 -0.018435
6.047656 1.419478
6.840625 0.000000
7.840625 0.000000
8.840618 0.000000
11.000000 0.000000
12.000000 0.000000
14.000000 0.000000
16.000000 0.000000
20.000000 0.000000
0.000000 0.000000
1.000000 0.000000
2.000000 0.000000
3.000000 0.000000
4.000000 0.000000
4.979297 0.000000
5.979297 0.000000
7.000000 1.603826
7.420313 1.290434
7.819923 -1.548522
8.716408 -1.797217
11.000000 0.000000
12.000000 0.000000
14.000000 -0.424000
12.227735 0.645218
18.484375 -0.000000
